instance_947

VEHICLE
NUMBER     CAPACITY
  100              50

CUSTOMER
CUST NO.         XCOORD.         YCOORD.       DEMAND     READY TIME       DUE DATE    SERVICE TIME

      0     0.37310246     0.00040104          0        0.00000        3.00000        0.00000
      1     0.30306235     0.12346901          5     0.00000000     0.90937388     0.20000000
      2     0.65231544     0.82730275          5     1.21405101     1.99695539     0.20000000
      3     0.06044048     0.49288374          8     1.05106592     2.53044891     0.20000000
      4     0.04875140     0.55200744          9     0.11747974     1.37359190     0.20000000
      5     0.09527946     0.52953964          1     0.73072255     1.56344163     0.20000000
      6     0.29590768     0.72120380          7     1.83367729     2.26844263     0.20000000
      7     0.75937980     0.03589389          6     1.09377778     1.99585378     0.20000000
      8     0.63873446     0.45660669          5     0.06660515     1.05719519     0.20000000
      9     0.49904945     0.21389315          7     0.98826057     2.35594177     0.20000000
     10     0.48675537     0.82560796          8     0.69896811     1.18793583     0.20000000
     11     0.27807978     0.19731192          7     1.49541354     3.00000000     0.20000000
     12     0.81058210     0.25322425          3     1.20751452     2.47085834     0.20000000
     13     0.85648507     0.21735699          4     0.67893380     2.60501456     0.20000000
     14     0.74535483     0.26967484          4     0.00000000     1.73137808     0.20000000
     15     0.46314991     0.99142087          3     1.10292363     2.17050266     0.20000000
     16     0.80716217     0.06218845          9     1.52141297     3.00000000     0.20000000
     17     0.93147677     0.14215407          4     1.86080027     2.51415443     0.20000000
     18     0.85118651     0.04369376          1     0.93941981     1.30613220     0.20000000
     19     0.77214104     0.31307581          8     1.11025262     2.07792425     0.20000000
     20     0.01016225     0.60488391          7     0.38173473     1.43753195     0.20000000
     21     0.41026706     0.23811921          8     1.47866857     2.49083424     0.20000000
     22     0.48451701     0.87199765          2     1.28717470     1.82687116     0.20000000
     23     0.74198335     0.61050230          6     0.90341222     1.69674504     0.20000000
     24     0.43367895     0.85219210          4     1.26167321     2.41605806     0.20000000
     25     0.88219196     0.48202151          1     1.67850780     2.11906862     0.20000000
     26     0.52991879     0.09328325          1     2.26705194     2.66225982     0.20000000
     27     0.52900010     0.80411196          1     1.74886990     2.01156211     0.20000000
     28     0.31201038     0.41452166          8     1.30595636     1.70708752     0.20000000
     29     0.96627164     0.17926300          7     0.65557760     2.52766848     0.20000000
     30     0.63407630     0.68381190          8     0.68588901     1.09940195     0.20000000
     31     0.49055073     0.22084661          6     0.47127151     1.97125721     0.20000000
     32     0.14207488     0.13532338          9     0.00000000     1.10291862     0.20000000
     33     0.39537811     0.58570689          7     0.91808826     1.17956710     0.20000000
     34     0.11595715     0.09124460          7     0.80963588     1.75918317     0.20000000
     35     0.22747041     0.32295778          3     0.81326985     2.43690443     0.20000000
     36     0.62180775     0.13783060          4     0.38282874     1.27906859     0.20000000
     37     0.31610191     0.16004005          7     1.52933466     3.00000000     0.20000000
     38     0.71013987     0.63411826          3     0.69775110     2.15581298     0.20000000
     39     0.31424046     0.19070825          5     1.92841053     2.96605158     0.20000000
     40     0.97331053     0.61394024          1     0.73292089     1.93038321     0.20000000
     41     0.09184911     0.52250355          1     1.67490029     2.45315814     0.20000000
     42     0.47684005     0.15948147          8     0.51927108     2.15073705     0.20000000
     43     0.05624031     0.00857994          3     0.19981426     1.32209301     0.20000000
     44     0.95447397     0.05967613          7     0.80809212     1.87090063     0.20000000
     45     0.51934373     0.96200341          2     0.70964324     1.84738600     0.20000000
     46     0.84757155     0.11060783          6     1.02961278     2.60827851     0.20000000
     47     0.08801633     0.50631297          9     1.12486029     1.35934401     0.20000000
     48     0.89931661     0.39636138          7     1.14983654     1.56215930     0.20000000
     49     0.77155930     0.21150403          1     1.29357767     2.70642519     0.20000000
     50     0.27523533     0.93912435          5     0.05478448     1.89169550     0.20000000
     51     0.92255330     0.87363476          9     0.35460061     2.23053193     0.20000000
     52     0.65737009     0.32388586          9     0.08846718     1.59008169     0.20000000
     53     0.08426490     0.20859574          8     0.00000000     1.36071348     0.20000000
     54     0.28330934     0.33619449          5     1.26442158     1.93894041     0.20000000
     55     0.41863751     0.01275981          9     0.82758361     2.26148057     0.20000000
     56     0.18245173     0.73054403          4     1.59666228     2.20139933     0.20000000
     57     0.42482296     0.03559392          9     0.56035328     1.37411904     0.20000000
     58     0.43656912     0.62251765          7     0.00000000     1.34341979     0.20000000
     59     0.03910374     0.22305299          1     1.84062648     2.20989823     0.20000000
     60     0.67202777     0.89301568          9     1.42014968     1.64772379     0.20000000
     61     0.29664037     0.79361147          3     0.70452285     1.24839699     0.20000000
     62     0.92026722     0.60777098          8     0.71984452     0.95154685     0.20000000
     63     0.33708191     0.56641555          2     0.99910003     1.88730383     0.20000000
     64     0.41776833     0.32688472          5     1.39953208     1.84069204     0.20000000
     65     0.48806408     0.56417537          2     0.58004498     1.18338966     0.20000000
     66     0.75612968     0.32045266          1     0.20138574     1.86885810     0.20000000
     67     0.75179178     0.55994666          4     0.99129760     1.35865605     0.20000000
     68     0.43645865     0.11934523          4     2.02942824     3.00000000     0.20000000
     69     0.31443226     0.84380919          5     0.20535243     1.71905720     0.20000000
     70     0.44869417     0.71765393          3     1.13792455     2.10432124     0.20000000
     71     0.82850224     0.01765059          3     0.19571984     1.47615266     0.20000000
     72     0.12027834     0.30082738          6     1.16068447     2.78578663     0.20000000
     73     0.58876711     0.31459835          6     0.78145933     1.34974241     0.20000000
     74     0.52974409     0.47614890          1     0.10707283     1.78145850     0.20000000
     75     0.13145599     0.81212652          6     1.07054901     2.81536031     0.20000000
     76     0.02893573     0.82478422          6     0.29415077     1.88725638     0.20000000
     77     0.15437862     0.57966864          3     0.00000000     1.81845593     0.20000000
     78     0.96210784     0.50476789          8     0.38426536     1.47484040     0.20000000
     79     0.50423002     0.82231283          7     0.53383076     2.23729658     0.20000000
     80     0.49460530     0.85609275          9     0.60064000     2.55747938     0.20000000
     81     0.06809915     0.44552153          5     0.52603078     0.86718428     0.20000000
     82     0.90478909     0.90383106          5     0.91640574     2.24782920     0.20000000
     83     0.15707700     0.28879574          6     1.32868838     2.07045221     0.20000000
     84     0.77775472     0.60498917          8     0.88011265     2.62980223     0.20000000
     85     0.79551661     0.96837980          5     0.84281135     1.81082201     0.20000000
     86     0.86514509     0.96577227          1     0.27302647     2.22783756     0.20000000
     87     0.10245956     0.63474876          9     0.96335256     2.14978695     0.20000000
     88     0.70927727     0.53765851          2     1.20753276     2.89081621     0.20000000
     89     0.40893459     0.86387807          3     0.85384637     1.21621656     0.20000000
     90     0.03124274     0.02382070          2     1.09987581     2.16063976     0.20000000
     91     0.15646891     0.70918804          7     0.22503906     2.16985726     0.20000000
     92     0.89144498     0.93455213          8     1.04797721     2.35098839     0.20000000
     93     0.90826881     0.50715333          6     0.86704314     2.38107443     0.20000000
     94     0.35337281     0.54575562          2     0.89959276     2.66652060     0.20000000
     95     0.17371742     0.84341407          3     0.86482906     1.28386641     0.20000000
     96     0.81881481     0.98365653          7     0.99150240     1.27681458     0.20000000
     97     0.80199927     0.21861528          7     0.36325702     0.76733863     0.20000000
     98     0.86883742     0.90762687          2     1.28268647     1.92959309     0.20000000
     99     0.52537555     0.41884953          2     0.27955675     2.06543612     0.20000000
    100     0.75818980     0.52934682          1     0.11265469     1.38756764     0.20000000
