instance_31

VEHICLE
NUMBER     CAPACITY
  100              50

CUSTOMER
CUST NO.         XCOORD.         YCOORD.       DEMAND     READY TIME       DUE DATE    SERVICE TIME

      0     0.37565815     0.65227455          0        0.00000        3.00000        0.00000
      1     0.02946569     0.73487306          4     1.11756659     1.96804810     0.20000000
      2     0.69755840     0.81919163          6     0.66918248     1.77623892     0.20000000
      3     0.41388351     0.91295666          6     0.91938412     1.20220006     0.20000000
      4     0.05584243     0.75856626          3     0.69365406     2.53429008     0.20000000
      5     0.11438370     0.33622840          5     0.06026524     1.36246586     0.20000000
      6     0.97607780     0.14609098          3     1.16783762     1.75058413     0.20000000
      7     0.62582695     0.17299728          5     1.00930202     1.82818735     0.20000000
      8     0.08834039     0.09523007          4     1.47889102     1.70467556     0.20000000
      9     0.76251495     0.70370775          1     1.50883913     2.09083891     0.20000000
     10     0.12277784     0.55754173          2     0.06425256     1.35466552     0.20000000
     11     0.60338420     0.23270063          4     0.00000000     1.54842138     0.20000000
     12     0.98098409     0.86458343          2     0.31111038     1.64451730     0.20000000
     13     0.87749666     0.67813808          8     1.19270384     1.65884864     0.20000000
     14     0.65421855     0.04610235          4     1.06623912     2.59916091     0.20000000
     15     0.08923857     0.19617665          4     0.00000000     1.66560602     0.20000000
     16     0.54637194     0.68720132          2     0.23000097     1.87385297     0.20000000
     17     0.83038884     0.30441403          3     0.00000000     1.48773682     0.20000000
     18     0.22897811     0.73590612          2     0.00000000     1.39052534     0.20000000
     19     0.10934944     0.81501687          6     0.03268588     1.44109952     0.20000000
     20     0.49400711     0.20759733          9     1.64700174     1.99066806     0.20000000
     21     0.39867073     0.16822530          2     0.40179899     1.05048537     0.20000000
     22     0.30943373     0.86420661          9     0.08439654     1.79284358     0.20000000
     23     0.53679436     0.60600507          4     1.49455452     3.00000000     0.20000000
     24     0.14127107     0.16234031          1     1.61510158     2.40754437     0.20000000
     25     0.55890608     0.87941754          8     1.35915089     3.00000000     0.20000000
     26     0.53571016     0.00430119          2     1.34196901     2.52197099     0.20000000
     27     0.96465904     0.08158733          6     0.03236759     1.82774246     0.20000000
     28     0.70485884     0.92132521          8     1.72567308     2.36432314     0.20000000
     29     0.18180998     0.60411507          3     0.38633695     0.99216437     0.20000000
     30     0.91076612     0.23531829          6     1.09853065     1.64701283     0.20000000
     31     0.32558608     0.41391569          5     0.20286214     2.13643026     0.20000000
     32     0.68131649     0.00163515          6     1.26167226     2.62941837     0.20000000
     33     0.26740336     0.18007955          8     1.42067039     2.70078707     0.20000000
     34     0.74062520     0.16201900          7     0.88351858     1.91815627     0.20000000
     35     0.85501605     0.14004219          5     0.59208864     1.96659398     0.20000000
     36     0.96082985     0.77311367          5     1.71740317     2.51882815     0.20000000
     37     0.21855120     0.30943298          1     0.88704526     1.70010984     0.20000000
     38     0.86424112     0.36662373          2     0.04289025     1.80806899     0.20000000
     39     0.85439819     0.27976489          4     0.30815345     2.12006807     0.20000000
     40     0.00594502     0.01524792          8     1.31029427     1.80979025     0.20000000
     41     0.92125362     0.54440922          5     0.64307284     1.62062669     0.20000000
     42     0.17537364     0.31993550          3     1.03127789     2.92390180     0.20000000
     43     0.01636746     0.94717836          8     0.88927078     1.87866020     0.20000000
     44     0.59979415     0.14303204          5     0.95711410     1.47136199     0.20000000
     45     0.17540137     0.16997522          7     2.00172710     2.40888309     0.20000000
     46     0.93694723     0.99654132          5     0.54270142     2.48492241     0.20000000
     47     0.78615516     0.04465855          5     1.31316996     1.61117339     0.20000000
     48     0.63706738     0.94091910          4     1.27850688     2.16472650     0.20000000
     49     0.68768698     0.08783257          3     0.89247364     2.56633925     0.20000000
     50     0.77941322     0.81233126          4     1.34379578     2.02169037     0.20000000
     51     0.54226321     0.22648929          7     0.70175683     1.43592870     0.20000000
     52     0.95890313     0.04818477          9     1.75354302     2.10934162     0.20000000
     53     0.92707586     0.33107167          5     0.59463108     2.54356718     0.20000000
     54     0.14787281     0.32595614          7     0.79600114     1.03998160     0.20000000
     55     0.23464756     0.65986478          4     2.49426723     2.79231811     0.20000000
     56     0.17364004     0.61406708          7     0.00000000     1.37537587     0.20000000
     57     0.85437763     0.43886542          4     1.90489066     2.49495268     0.20000000
     58     0.02610567     0.83117145          2     1.43239832     2.44531775     0.20000000
     59     0.25787961     0.68920952          9     1.12262738     1.44801056     0.20000000
     60     0.20373720     0.01726828          1     1.25848341     1.59154177     0.20000000
     61     0.07944924     0.33815339          2     1.44070387     3.00000000     0.20000000
     62     0.54189044     0.26063597          2     0.31697634     0.94711566     0.20000000
     63     0.83290982     0.23494807          1     1.14740324     1.43263555     0.20000000
     64     0.56166857     0.70419240          9     0.69514251     2.45130301     0.20000000
     65     0.04927180     0.76198220          3     0.33769286     1.62539923     0.20000000
     66     0.16391647     0.93673205          2     1.02912354     2.07322621     0.20000000
     67     0.50494713     0.72282273          1     0.46494269     2.26991391     0.20000000
     68     0.01319119     0.20546207          7     1.93025959     2.36816120     0.20000000
     69     0.44476277     0.09397648          1     0.62831700     1.38401067     0.20000000
     70     0.98958290     0.59241199          7     1.44318986     2.86100698     0.20000000
     71     0.39303696     0.11734882          4     0.22781670     1.29884017     0.20000000
     72     0.63043398     0.50184882          5     1.02412963     1.39759421     0.20000000
     73     0.22016996     0.47189113          1     0.15714425     1.32073784     0.20000000
     74     0.42220157     0.70249403          2     0.09651971     1.82794523     0.20000000
     75     0.14621885     0.44485047          8     0.00000000     1.56088448     0.20000000
     76     0.01670879     0.46751004          2     2.19194651     2.50412798     0.20000000
     77     0.30943993     0.10198115          5     0.44295722     1.36260271     0.20000000
     78     0.06184911     0.68664956          1     1.71448827     2.87258649     0.20000000
     79     0.66816676     0.84349430          6     1.26861310     2.04992747     0.20000000
     80     0.61222839     0.15059517          1     1.11940742     2.45813227     0.20000000
     81     0.71874738     0.51609087          3     1.87617207     2.48287439     0.20000000
     82     0.32862067     0.59926397          7     1.51370001     2.85122395     0.20000000
     83     0.58254987     0.51347923          8     0.60949278     2.38061047     0.20000000
     84     0.05698940     0.17401093          9     1.16229486     2.89272451     0.20000000
     85     0.02813225     0.95748693          5     0.00000000     1.52984786     0.20000000
     86     0.70847464     0.70046657          2     1.12444293     1.84544313     0.20000000
     87     0.53091800     0.52118820          5     2.09199619     2.95387125     0.20000000
     88     0.23486818     0.21699150          5     0.70690280     2.00695634     0.20000000
     89     0.96429509     0.71340555          8     0.72124040     1.45467460     0.20000000
     90     0.23516268     0.91634047          6     0.00000000     1.79139125     0.20000000
     91     0.93858635     0.21234721          1     0.39899623     1.95083201     0.20000000
     92     0.89722115     0.96143103          6     0.00000000     1.62914181     0.20000000
     93     0.57746792     0.40603504          8     0.62762427     1.29260516     0.20000000
     94     0.31279013     0.79910398          9     0.82766932     1.29533434     0.20000000
     95     0.41830221     0.55783182          5     0.57782876     1.85217083     0.20000000
     96     0.26244640     0.53514838          3     0.15709144     0.57630807     0.20000000
     97     0.47171086     0.37074962          8     1.29803765     1.99913156     0.20000000
     98     0.09487575     0.31346297          6     0.28552288     1.10942650     0.20000000
     99     0.04258500     0.29486406          4     0.59090036     2.18956947     0.20000000
    100     0.45874318     0.07227837          8     1.30446827     3.00000000     0.20000000
