instance_624

VEHICLE
NUMBER     CAPACITY
  100              50

CUSTOMER
CUST NO.         XCOORD.         YCOORD.       DEMAND     READY TIME       DUE DATE    SERVICE TIME

      0     0.49169546     0.35505599          0        0.00000        3.00000        0.00000
      1     0.79988879     0.07196357          8     0.69337291     0.91975921     0.20000000
      2     0.04055120     0.75417513          2     1.30261958     1.60279858     0.20000000
      3     0.63824034     0.31809133          1     1.77589202     2.50866485     0.20000000
      4     0.55314505     0.38754123          4     0.16779643     1.75505447     0.20000000
      5     0.32783231     0.61668533          3     0.13540858     2.10079336     0.20000000
      6     0.48174235     0.90043509          7     1.50039220     2.45953202     0.20000000
      7     0.86064780     0.02782557          8     1.74994898     2.82526493     0.20000000
      8     0.98201472     0.98169154          8     0.31550068     2.30452490     0.20000000
      9     0.03846480     0.76485276          2     1.21667957     2.06264663     0.20000000
     10     0.51964355     0.44239947          8     0.00000000     0.39529663     0.20000000
     11     0.35131109     0.42302358          9     0.04010427     1.39459586     0.20000000
     12     0.47720662     0.51944178          9     1.58211422     1.92227173     0.20000000
     13     0.25750855     0.72454631          2     2.05436110     2.36781192     0.20000000
     14     0.86165380     0.97084993          2     1.26200902     1.90370238     0.20000000
     15     0.69431967     0.49548122          9     0.51587111     1.78085470     0.20000000
     16     0.00297543     0.38155046          6     1.07525253     2.10517192     0.20000000
     17     0.58211082     0.96471274          6     0.26239359     1.96214688     0.20000000
     18     0.11150189     0.68525922          5     1.42133713     3.00000000     0.20000000
     19     0.68625563     0.41240335          5     0.80734539     2.03481507     0.20000000
     20     0.30085519     0.63852566          3     1.74088418     2.28609490     0.20000000
     21     0.62209225     0.22614901          1     0.75907487     1.03276634     0.20000000
     22     0.93910122     0.95708573          9     1.58871651     2.39216542     0.20000000
     23     0.31963575     0.04613699          9     0.76190197     0.96978390     0.20000000
     24     0.67769486     0.74953753          1     0.86649215     1.37695611     0.20000000
     25     0.23770081     0.11301046          6     0.14100051     2.06579185     0.20000000
     26     0.52727878     0.92785174          4     0.31918597     1.66405046     0.20000000
     27     0.83270150     0.62471157          1     0.66843635     1.70378470     0.20000000
     28     0.41355872     0.49011341          1     0.00000000     1.73013437     0.20000000
     29     0.85628957     0.77100843          8     0.61288357     0.94893396     0.20000000
     30     0.38471088     0.10035110          6     0.75517416     1.58542418     0.20000000
     31     0.09850973     0.09698579          4     1.40327942     2.20433617     0.20000000
     32     0.80281574     0.63957697          4     1.64156127     2.62267518     0.20000000
     33     0.26957828     0.44886464          2     1.40451181     2.88546324     0.20000000
     34     0.03535223     0.77197051          2     1.72927511     2.39976335     0.20000000
     35     0.19561237     0.37336910          4     1.13538909     2.21025157     0.20000000
     36     0.96699351     0.72175145          6     0.26345932     1.88069999     0.20000000
     37     0.75447559     0.06311603          5     1.24915349     2.23725891     0.20000000
     38     0.42461273     0.28238377          1     0.17969008     0.49429089     0.20000000
     39     0.25445694     0.83687800          1     1.73067307     2.57818103     0.20000000
     40     0.19510196     0.32762748          9     1.26060331     2.79278469     0.20000000
     41     0.92664766     0.72854483          3     1.45460272     2.61186838     0.20000000
     42     0.61839873     0.56598604          3     1.50842202     3.00000000     0.20000000
     43     0.93817794     0.95720243          2     0.59342873     0.91141748     0.20000000
     44     0.72550577     0.75085950          8     1.85289371     2.58329582     0.20000000
     45     0.24465086     0.14561053          7     0.06147689     1.69431329     0.20000000
     46     0.68399388     0.51135093          5     1.55088341     3.00000000     0.20000000
     47     0.08400486     0.50092661          2     2.01082659     2.39839554     0.20000000
     48     0.13141720     0.52806860          5     0.61082929     0.87791127     0.20000000
     49     0.16020817     0.02391016          2     0.00000000     0.99402195     0.20000000
     50     0.51089519     0.54762322          6     1.55063176     2.68962884     0.20000000
     51     0.18289225     0.00874688          8     0.75940824     1.20654380     0.20000000
     52     0.13214496     0.30201107          6     0.50324702     1.68218255     0.20000000
     53     0.35653198     0.63605416          8     1.02974224     2.65353131     0.20000000
     54     0.27351996     0.38014647          5     0.00000000     0.58038640     0.20000000
     55     0.23178008     0.54900187          4     0.00000000     1.17666769     0.20000000
     56     0.06191853     0.43581322          4     1.00289536     1.52078295     0.20000000
     57     0.49908069     0.67535228          8     0.16780758     1.85963297     0.20000000
     58     0.50600988     0.89366120          7     0.16165331     1.08066583     0.20000000
     59     0.17323287     0.02784011          4     0.08520502     1.44977164     0.20000000
     60     0.52170521     0.50901574          4     1.53313446     2.36053419     0.20000000
     61     0.19898055     0.66780221          2     1.79864359     2.48389816     0.20000000
     62     0.10395614     0.74536175          7     0.37557387     1.12103784     0.20000000
     63     0.36824906     0.38303742          1     0.21547197     0.49060810     0.20000000
     64     0.34317431     0.63343006          6     1.32798386     2.74297476     0.20000000
     65     0.70307642     0.26232278          2     0.48094827     1.53556490     0.20000000
     66     0.82968730     0.41214225          1     1.12473118     2.43665361     0.20000000
     67     0.54104954     0.06414737          8     0.32721928     1.17693043     0.20000000
     68     0.58182955     0.74149495          1     1.03377938     2.78303576     0.20000000
     69     0.81920022     0.39230132          3     1.58797216     2.13975954     0.20000000
     70     0.83131319     0.75761902          6     1.80982471     2.01314259     0.20000000
     71     0.20260011     0.12976266          9     1.13427544     2.24975801     0.20000000
     72     0.79784930     0.97805595          5     0.94268650     2.80435395     0.20000000
     73     0.02554200     0.36769864          3     0.00000000     1.23397684     0.20000000
     74     0.26696664     0.41855666          5     0.89595127     2.72919178     0.20000000
     75     0.69521815     0.75159383          3     1.85279500     2.56220555     0.20000000
     76     0.30676416     0.21693929          8     1.37870932     2.81469297     0.20000000
     77     0.99663395     0.24264787          1     0.00000000     1.65196419     0.20000000
     78     0.32269329     0.25871536          7     0.55018085     1.60960937     0.20000000
     79     0.30681908     0.31883553          3     1.49131894     3.00000000     0.20000000
     80     0.32078829     0.95552248          4     0.79372752     2.66542196     0.20000000
     81     0.95316714     0.90171963          5     0.22622406     1.27000248     0.20000000
     82     0.71114868     0.54261649          9     0.59864134     0.85136026     0.20000000
     83     0.43247485     0.01820192          5     0.61351597     1.28980708     0.20000000
     84     0.02887890     0.66993910          9     1.15815210     1.64593768     0.20000000
     85     0.19198143     0.65210646          4     1.63995361     2.07145762     0.20000000
     86     0.49474445     0.63719708          6     0.13647747     0.68701875     0.20000000
     87     0.63544148     0.32862693          2     1.36754656     1.69845295     0.20000000
     88     0.31861719     0.86346269          8     0.63167310     2.47302699     0.20000000
     89     0.06498724     0.12735543          6     0.71010858     1.30528235     0.20000000
     90     0.62383664     0.76304251          9     1.45578623     2.76736116     0.20000000
     91     0.99953622     0.02552774          4     1.51883864     1.80253673     0.20000000
     92     0.28534892     0.44858330          9     0.51810175     1.49962974     0.20000000
     93     0.94888592     0.85348827          8     0.98933285     2.94617033     0.20000000
     94     0.44049484     0.43564832          5     1.25390100     2.24021053     0.20000000
     95     0.77235335     0.64005780          2     1.75590920     2.00534487     0.20000000
     96     0.41413596     0.52343673          1     0.00000000     1.27010453     0.20000000
     97     0.24148209     0.70567006          9     0.58782315     2.30383992     0.20000000
     98     0.31922561     0.77930838          4     1.02489412     1.83703291     0.20000000
     99     0.97618991     0.12782742          4     0.50834435     2.00078058     0.20000000
    100     0.50836688     0.49476326          2     0.70770919     1.35648859     0.20000000
