instance_514

VEHICLE
NUMBER     CAPACITY
  100              50

CUSTOMER
CUST NO.         XCOORD.         YCOORD.       DEMAND     READY TIME       DUE DATE    SERVICE TIME

      0     0.48081312     0.14732003          0        0.00000        3.00000        0.00000
      1     0.91888714     0.10557314          8     1.27138174     1.50709426     0.20000000
      2     0.01982692     0.83270228          8     1.35052013     2.12726569     0.20000000
      3     0.20192443     0.39343536          6     0.03565198     1.40169907     0.20000000
      4     0.40993768     0.88378930          8     0.00000000     1.58490598     0.20000000
      5     0.43505937     0.79295373          8     0.92599589     2.67647362     0.20000000
      6     0.75991863     0.10314864          3     0.86903322     1.12650359     0.20000000
      7     0.29157016     0.67630762          3     0.08631146     1.36312497     0.20000000
      8     0.82740426     0.74336034          6     0.27117664     1.54707766     0.20000000
      9     0.90395087     0.97846049          4     0.87656164     1.48685861     0.20000000
     10     0.37700176     0.39759186          5     0.00000000     1.25642276     0.20000000
     11     0.62820655     0.62463439          3     1.04442906     1.32247233     0.20000000
     12     0.92931396     0.64525706          2     1.02070820     2.06017876     0.20000000
     13     0.64305258     0.08461031          3     0.00000000     1.57056451     0.20000000
     14     0.16985625     0.04653324          6     0.00000000     1.20948243     0.20000000
     15     0.52078688     0.75915331          2     0.20217827     1.16183984     0.20000000
     16     0.64124936     0.46526527          4     0.13896921     0.92064941     0.20000000
     17     0.99274588     0.84187609          8     0.36265016     1.72556591     0.20000000
     18     0.80756760     0.85426950          2     0.06633621     2.06130028     0.20000000
     19     0.32633677     0.03706355          8     2.00279903     2.35461187     0.20000000
     20     0.56696951     0.06620950          7     0.00000000     0.57675499     0.20000000
     21     0.85830981     0.83415741          1     0.78198904     1.91491747     0.20000000
     22     0.85717463     0.63657093          9     0.02393681     1.34999394     0.20000000
     23     0.10479530     0.18543071          6     1.58961391     1.94610405     0.20000000
     24     0.66145563     0.99937063          7     1.06806636     2.19039154     0.20000000
     25     0.49118677     0.41209695          5     0.42460033     0.96623003     0.20000000
     26     0.24761881     0.68503827          3     0.16207981     1.37953639     0.20000000
     27     0.48104125     0.84210575          1     0.05617607     1.71308362     0.20000000
     28     0.73517895     0.05828995          3     1.68612516     2.71618032     0.20000000
     29     0.17945811     0.52176720          5     1.03859949     1.76185536     0.20000000
     30     0.48498684     0.12955342          5     2.08687687     3.00000000     0.20000000
     31     0.17514816     0.89107633          8     1.20956588     2.41148424     0.20000000
     32     0.74261069     0.65506142          8     1.32840729     2.24646354     0.20000000
     33     0.88273120     0.86168593          1     0.58976620     1.44919634     0.20000000
     34     0.07155713     0.02569795          2     0.17372864     1.22906160     0.20000000
     35     0.72477472     0.09121420          3     0.10238576     1.44674158     0.20000000
     36     0.56662881     0.42301738          6     0.00000000     1.65090036     0.20000000
     37     0.41475266     0.75426680          1     0.49428666     2.05791283     0.20000000
     38     0.78133720     0.86629593          3     0.15194803     1.63294697     0.20000000
     39     0.66726130     0.35139927          1     0.24574894     2.08785653     0.20000000
     40     0.01106291     0.09172910          5     1.67245603     2.12349820     0.20000000
     41     0.11466342     0.61789840          7     1.25425744     2.41001391     0.20000000
     42     0.83286017     0.86923367          4     0.15166771     2.04259300     0.20000000
     43     0.52053785     0.40692997          8     0.95878363     2.07211947     0.20000000
     44     0.91411477     0.47376519          8     1.75288343     2.47844505     0.20000000
     45     0.65118074     0.78792316          9     1.61095846     2.60666132     0.20000000
     46     0.24454500     0.92074233          5     0.48491710     2.15036964     0.20000000
     47     0.71374524     0.18355805          7     0.22755438     2.08829737     0.20000000
     48     0.76053584     0.96722013          2     1.56730962     2.17154098     0.20000000
     49     0.28757358     0.16006100          8     1.96669459     2.59416986     0.20000000
     50     0.41490746     0.58403957          3     0.00000000     1.10918927     0.20000000
     51     0.70172358     0.49730286          5     0.00000000     1.12244868     0.20000000
     52     0.65617824     0.80815852          2     0.56419301     2.17002940     0.20000000
     53     0.25879055     0.66703057          5     1.35929728     2.36329222     0.20000000
     54     0.61792219     0.29819489          4     1.03288507     1.77352858     0.20000000
     55     0.44629121     0.13339950          7     0.83554047     1.95280004     0.20000000
     56     0.26327983     0.87727189          8     1.07110548     2.10693288     0.20000000
     57     0.00112560     0.55013078          8     0.16202641     1.89492846     0.20000000
     58     0.19653797     0.43458810          8     0.55459410     2.25222445     0.20000000
     59     0.82770938     0.00902027          6     1.77323210     2.15482187     0.20000000
     60     0.84752971     0.99067122          5     1.24556541     1.65483332     0.20000000
     61     0.43528208     0.78317368          2     0.47739655     1.03325415     0.20000000
     62     0.03117765     0.72266054          6     1.68749917     2.26998329     0.20000000
     63     0.83383411     0.30158406          1     1.64508390     2.99440527     0.20000000
     64     0.22476090     0.49227011          4     1.47938132     3.00000000     0.20000000
     65     0.53027105     0.33448943          7     0.19008099     0.46597618     0.20000000
     66     0.14948875     0.13719738          6     0.40903974     1.49967086     0.20000000
     67     0.78960460     0.38255697          4     1.03709531     1.46959591     0.20000000
     68     0.48670426     0.93267101          9     0.73880392     1.64493585     0.20000000
     69     0.15845804     0.85599434          6     1.04688215     2.74351668     0.20000000
     70     0.00144885     0.42805603          8     0.00000000     1.55312395     0.20000000
     71     0.52703846     0.62137860          6     0.34884661     1.47919273     0.20000000
     72     0.28951767     0.69151157          4     1.27029729     2.79817224     0.20000000
     73     0.42909572     0.30758616          7     0.08719712     1.89041090     0.20000000
     74     0.92340165     0.25771061          3     1.19827425     1.75595438     0.20000000
     75     0.50714624     0.04238937          2     1.76140547     2.19122887     0.20000000
     76     0.46574083     0.00358344          8     1.39414942     1.75509799     0.20000000
     77     0.65626115     0.63150972          2     1.27673507     2.08729410     0.20000000
     78     0.31849819     0.73393559          7     0.90586591     1.75173903     0.20000000
     79     0.12334077     0.90523279          9     0.39361650     2.37372136     0.20000000
     80     0.99780899     0.87258244          4     0.46637845     2.29807663     0.20000000
     81     0.48376918     0.25641611          8     0.00000000     1.39141035     0.20000000
     82     0.42199659     0.44647750          1     0.99896842     2.43290973     0.20000000
     83     0.14598157     0.47429517          6     1.27180815     2.01292777     0.20000000
     84     0.30312029     0.54164624          8     0.92402756     2.51151323     0.20000000
     85     0.11800867     0.50601959          8     1.54550266     2.38567376     0.20000000
     86     0.99239826     0.78411007          2     0.38896185     2.00062299     0.20000000
     87     0.17215636     0.36813515          3     0.48356128     2.01203966     0.20000000
     88     0.69191647     0.74354649          2     0.12561125     1.20348215     0.20000000
     89     0.33912861     0.75773454          8     1.10221291     2.39180183     0.20000000
     90     0.02604344     0.75204080          8     1.06229949     2.17839551     0.20000000
     91     0.45255539     0.38464013          3     1.78190410     2.17263031     0.20000000
     92     0.78370684     0.17724290          1     0.53784770     1.72482467     0.20000000
     93     0.11373907     0.54590452          1     1.47945786     2.16518116     0.20000000
     94     0.63367862     0.37999716          2     1.72742653     2.33179426     0.20000000
     95     0.40811893     0.39580348          3     1.86631107     2.90644121     0.20000000
     96     0.78433639     0.29211318          3     2.29866576     2.52187085     0.20000000
     97     0.58806217     0.74975699          4     0.00124109     1.43882275     0.20000000
     98     0.12124754     0.77557141          8     0.63557959     2.36280608     0.20000000
     99     0.50028050     0.06130252          9     1.81892800     2.25949836     0.20000000
    100     0.78626418     0.29681510          1     1.10078597     1.88319993     0.20000000
