instance_583

VEHICLE
NUMBER     CAPACITY
  100              50

CUSTOMER
CUST NO.         XCOORD.         YCOORD.       DEMAND     READY TIME       DUE DATE    SERVICE TIME

      0     0.28461155     0.23429534          0        0.00000        3.00000        0.00000
      1     0.27631119     0.56454253          9     0.19171762     1.00453103     0.20000000
      2     0.88218641     0.78732240          9     0.22014928     1.72338772     0.20000000
      3     0.42925885     0.41185004          7     1.00096023     2.06520462     0.20000000
      4     0.83067918     0.07281146          9     0.27026272     1.53631306     0.20000000
      5     0.00388803     0.16404490          9     1.13066769     1.59514356     0.20000000
      6     0.47498241     0.24426965          6     1.07174730     1.60329795     0.20000000
      7     0.03967494     0.91865820          5     0.48011917     1.19595790     0.20000000
      8     0.65391284     0.53590280          8     0.00000000     1.62285388     0.20000000
      9     0.30874377     0.65727931          2     1.01708126     1.90545225     0.20000000
     10     0.57514864     0.68287551          5     1.49136710     2.57481217     0.20000000
     11     0.72656196     0.12515098          5     0.92134756     2.67602658     0.20000000
     12     0.71614552     0.43795294          1     0.87687886     2.28058529     0.20000000
     13     0.86807430     0.60816777          3     0.10422528     1.92570293     0.20000000
     14     0.65761846     0.45681763          6     1.51658463     2.11178875     0.20000000
     15     0.78990364     0.94162327          2     0.46286684     1.55120468     0.20000000
     16     0.98184216     0.47271901          7     1.15879083     2.59569263     0.20000000
     17     0.23299114     0.65597212          5     0.02478069     1.79547262     0.20000000
     18     0.63331449     0.52082497          6     1.72585428     2.38681173     0.20000000
     19     0.70946556     0.54990035          5     1.60232115     2.93683481     0.20000000
     20     0.09772421     0.40079236          6     0.37603456     1.81600237     0.20000000
     21     0.32312641     0.66324651          4     1.73679948     2.13497853     0.20000000
     22     0.12319776     0.73876804          4     1.52586830     2.91991663     0.20000000
     23     0.37483197     0.49344626          4     0.62711638     1.91734052     0.20000000
     24     0.71633762     0.16021645          6     0.08809069     1.03429043     0.20000000
     25     0.05474356     0.45224792          2     1.30430818     2.67628574     0.20000000
     26     0.56612086     0.40527165          8     1.08545029     1.77188098     0.20000000
     27     0.09360074     0.60461801          6     0.00000000     1.40765929     0.20000000
     28     0.83873165     0.65874642          5     0.28288323     1.51086998     0.20000000
     29     0.16055322     0.42558759          6     1.18612862     1.44840240     0.20000000
     30     0.05163493     0.36739227          9     1.56209993     3.00000000     0.20000000
     31     0.94360036     0.50113779          9     0.30416250     2.02672172     0.20000000
     32     0.10747601     0.08608312          3     1.60443497     3.00000000     0.20000000
     33     0.66049731     0.77310240          6     0.56697351     1.71867824     0.20000000
     34     0.21011961     0.02210875          4     2.20336199     2.83490992     0.20000000
     35     0.91212243     0.77632344          8     0.24063259     1.48518109     0.20000000
     36     0.98990721     0.25975651          1     1.05105305     2.93175936     0.20000000
     37     0.18743329     0.94430709          7     1.26542139     2.65148687     0.20000000
     38     0.07315197     0.10303002          8     2.10355830     2.77600026     0.20000000
     39     0.09919854     0.37813810          4     0.00000000     1.44296455     0.20000000
     40     0.62422359     0.36769390          9     0.49364769     2.05089283     0.20000000
     41     0.79860336     0.98394769          3     0.84676147     1.27406240     0.20000000
     42     0.89990318     0.77430820          3     1.15023935     1.48753798     0.20000000
     43     0.97651291     0.51257026          9     1.45716536     2.62122107     0.20000000
     44     0.14833836     0.51853257          3     0.00000000     0.84147787     0.20000000
     45     0.41947442     0.38463321          7     1.90216589     2.72152519     0.20000000
     46     0.88305843     0.27700433          2     0.49147949     1.17111790     0.20000000
     47     0.42131206     0.64535069          2     0.00000000     1.43978977     0.20000000
     48     0.87412047     0.26757804          9     0.75265807     1.02823520     0.20000000
     49     0.05057792     0.48176524          3     1.21317327     2.60129881     0.20000000
     50     0.30196321     0.47250766          6     0.45765373     1.14452827     0.20000000
     51     0.92335683     0.57282698          1     1.19314432     2.80365801     0.20000000
     52     0.75585753     0.58876216          6     0.97615683     1.85225546     0.20000000
     53     0.30587098     0.83355767          7     1.25349808     2.82877541     0.20000000
     54     0.83817154     0.73490381          9     0.71087462     2.44181514     0.20000000
     55     0.56072521     0.81331259          6     0.01348311     1.73702025     0.20000000
     56     0.74539530     0.51233095          3     1.11306381     1.56764436     0.20000000
     57     0.79394948     0.81795275          4     0.76567346     2.76325679     0.20000000
     58     0.90933204     0.51254475          3     0.40556550     1.88780642     0.20000000
     59     0.45679012     0.88122076          4     0.66274333     2.05571365     0.20000000
     60     0.23237889     0.00438016          6     2.03353190     2.26481128     0.20000000
     61     0.07195939     0.06709348          9     0.00000000     1.59575701     0.20000000
     62     0.54795039     0.78510147          6     0.00000000     1.77739358     0.20000000
     63     0.43033120     0.30886137          4     0.91810477     2.11855793     0.20000000
     64     0.76275057     0.89241207          5     1.04441154     2.58479595     0.20000000
     65     0.85036951     0.42476994          9     0.00000000     1.89230227     0.20000000
     66     0.30279467     0.53692049          4     1.18053317     2.46222067     0.20000000
     67     0.76206839     0.35717574          2     1.39668584     2.43904257     0.20000000
     68     0.37745515     0.74611312          7     1.69725871     1.94721699     0.20000000
     69     0.27674654     0.35735852          5     0.42201984     2.14017439     0.20000000
     70     0.94555122     0.07135043          4     1.27589083     2.56552768     0.20000000
     71     0.84051603     0.06953835          5     0.93514085     1.95056248     0.20000000
     72     0.29823619     0.35118037          6     0.58492815     1.00118709     0.20000000
     73     0.87064767     0.35181245          1     1.76200938     2.06853795     0.20000000
     74     0.07025656     0.37347218          3     0.88858986     2.72258520     0.20000000
     75     0.58267951     0.84797376          8     0.42830777     2.41265988     0.20000000
     76     0.01972759     0.94929248          6     0.69366753     1.07153237     0.20000000
     77     0.55608040     0.72581679          3     1.18480909     2.17319965     0.20000000
     78     0.67980099     0.66001153          5     1.64548767     2.50225449     0.20000000
     79     0.14943011     0.95953518          2     1.11224389     2.42933416     0.20000000
     80     0.26831421     0.84651369          4     1.44014978     2.29683566     0.20000000
     81     0.23683363     0.74922532          8     1.87205541     2.23942733     0.20000000
     82     0.07850250     0.06704178          5     1.52729881     2.58852482     0.20000000
     83     0.28674018     0.86999530          2     1.55774665     1.90764070     0.20000000
     84     0.79430282     0.76499110          4     1.28871238     1.60650265     0.20000000
     85     0.94586223     0.41564831          1     0.92070961     2.49869514     0.20000000
     86     0.31816489     0.59846997          4     1.41502941     1.80771267     0.20000000
     87     0.41313535     0.83148110          9     0.00000000     1.46810055     0.20000000
     88     0.14237474     0.20230341          5     0.00000000     1.78317213     0.20000000
     89     0.79060167     0.04207763          4     0.30073822     1.49708652     0.20000000
     90     0.74202424     0.19313307          4     0.35174441     1.96935892     0.20000000
     91     0.67479742     0.75099337          9     0.90904617     1.37320781     0.20000000
     92     0.88027567     0.55397147          8     0.83353823     1.46341872     0.20000000
     93     0.62380630     0.81984717          7     0.97945750     2.40498495     0.20000000
     94     0.86653334     0.21534929          3     0.90885794     1.34579194     0.20000000
     95     0.19759656     0.99659252          3     1.11983418     1.69556212     0.20000000
     96     0.58033848     0.17585106          1     0.63223547     2.35408974     0.20000000
     97     0.37735856     0.18194656          5     0.95117313     1.23375225     0.20000000
     98     0.07850681     0.44146496          4     1.55125451     3.00000000     0.20000000
     99     0.81971830     0.62964576          9     1.53129077     2.39465070     0.20000000
    100     0.20507704     0.37110972          8     0.47017014     2.44441414     0.20000000
