instance_367

VEHICLE
NUMBER     CAPACITY
  100              50

CUSTOMER
CUST NO.         XCOORD.         YCOORD.       DEMAND     READY TIME       DUE DATE    SERVICE TIME

      0     0.62345582     0.80793303          0        0.00000        3.00000        0.00000
      1     0.70927429     0.79865348          9     2.46037149     2.77317953     0.20000000
      2     0.38950223     0.02647289          7     1.29307318     2.04068589     0.20000000
      3     0.49180958     0.84669536          9     0.92332673     2.86350918     0.20000000
      4     0.88091481     0.21951483          1     0.77972722     1.58129430     0.20000000
      5     0.74039292     0.31880459          3     1.34679794     2.97861576     0.20000000
      6     0.03094918     0.62798142          4     0.90987366     2.79801464     0.20000000
      7     0.03764533     0.32478872          7     0.00000000     1.59403646     0.20000000
      8     0.66317606     0.61017603          6     0.36959642     1.86955214     0.20000000
      9     0.82845044     0.58582008          9     0.00000000     1.22097588     0.20000000
     10     0.08540592     0.69133103          9     1.38786530     2.04785824     0.20000000
     11     0.34085304     0.22798361          2     1.71985495     2.18219471     0.20000000
     12     0.59686625     0.39450628          2     0.71362615     2.65375042     0.20000000
     13     0.71833301     0.33569142          5     0.80253530     2.75761104     0.20000000
     14     0.30826220     0.69443816          9     1.05642104     2.69677496     0.20000000
     15     0.04682415     0.42014211          7     0.83871490     2.79896641     0.20000000
     16     0.08537069     0.21995978          6     1.22692251     1.76094866     0.20000000
     17     0.55447417     0.43268511          2     1.56654119     2.72370863     0.20000000
     18     0.81620413     0.48148224          1     1.37941301     1.73163903     0.20000000
     19     0.89916968     0.02611327          3     1.19187880     2.06643152     0.20000000
     20     0.38744020     0.57946783          7     0.00000000     1.48401976     0.20000000
     21     0.65601969     0.58233631          4     0.46680981     2.21362185     0.20000000
     22     0.75520873     0.06398374          1     0.74196506     2.21554351     0.20000000
     23     0.13122758     0.01520671          4     1.48983574     2.01317215     0.20000000
     24     0.88697559     0.52619439          8     1.93654132     2.34577203     0.20000000
     25     0.50914592     0.45378619          4     0.70381188     1.33623505     0.20000000
     26     0.89704943     0.95429343          6     0.50228250     1.04584861     0.20000000
     27     0.30302775     0.41057149          8     0.60618168     1.69258809     0.20000000
     28     0.03068361     0.13466132          2     0.86145854     2.56675124     0.20000000
     29     0.38664898     0.61843336          4     0.40754935     1.25412631     0.20000000
     30     0.47475454     0.57913518          8     1.15322101     2.97787714     0.20000000
     31     0.54018986     0.55577761          1     0.34388161     0.73113048     0.20000000
     32     0.34580356     0.21939245          2     0.48516074     1.09900498     0.20000000
     33     0.12024251     0.34770012          2     0.99514586     2.51238823     0.20000000
     34     0.10066614     0.55988359          2     0.84564406     2.35010576     0.20000000
     35     0.12886992     0.04781812          9     0.73237985     2.30489898     0.20000000
     36     0.91961515     0.55915916          2     1.04816270     2.49949789     0.20000000
     37     0.11929377     0.44671127          3     0.33092046     1.70050335     0.20000000
     38     0.12837556     0.18179181          4     1.17697060     2.75513935     0.20000000
     39     0.86723530     0.11025112          2     1.33188844     2.42582607     0.20000000
     40     0.98241305     0.69271421          3     0.34505957     1.55707932     0.20000000
     41     0.43421683     0.64295757          2     1.03280210     2.88794899     0.20000000
     42     0.37324870     0.30722055          6     0.73406065     1.39690125     0.20000000
     43     0.67967230     0.06224467          3     0.97596180     2.38245535     0.20000000
     44     0.03558866     0.20519303          4     0.52132440     1.63134098     0.20000000
     45     0.56572050     0.06226912          4     0.07176399     1.60630107     0.20000000
     46     0.32966816     0.71173388          6     1.31998801     2.09404325     0.20000000
     47     0.62015963     0.22367071          4     0.48632795     1.48729777     0.20000000
     48     0.91063440     0.50417376          8     0.38128954     1.04301357     0.20000000
     49     0.74032092     0.84891266          7     1.47161388     1.99568629     0.20000000
     50     0.93277514     0.65276837          3     0.62644571     1.94188046     0.20000000
     51     0.43724346     0.98188585          7     1.56842995     2.68476582     0.20000000
     52     0.58245158     0.97832549          4     0.15837753     1.97390854     0.20000000
     53     0.10587755     0.50657982          9     0.77262664     1.57245851     0.20000000
     54     0.97122359     0.59756333          4     0.22217432     1.09711576     0.20000000
     55     0.36055833     0.70985419          6     0.00000000     0.86546135     0.20000000
     56     0.04874739     0.60133940          1     1.44372082     2.52616024     0.20000000
     57     0.23503377     0.07730156          1     1.51789701     1.73105443     0.20000000
     58     0.31483251     0.02821806          5     1.17181253     1.47549868     0.20000000
     59     0.12359273     0.19616188          6     1.30954134     1.77908361     0.20000000
     60     0.13274632     0.59954041          1     1.44549525     2.27855921     0.20000000
     61     0.62476599     0.92633808          9     0.00000000     1.32289052     0.20000000
     62     0.64183986     0.38608703          8     0.26445815     0.76852560     0.20000000
     63     0.43435156     0.04211559          1     0.80965149     1.19024515     0.20000000
     64     0.02623783     0.86348861          5     1.44359589     1.89602065     0.20000000
     65     0.60698456     0.70330864          1     1.58265233     3.00000000     0.20000000
     66     0.95132637     0.54921401          1     0.75608516     1.84080458     0.20000000
     67     0.57060409     0.89855027          4     0.43637794     2.00545454     0.20000000
     68     0.06816533     0.57498556          2     0.00000000     1.52193582     0.20000000
     69     0.00247689     0.95892435          5     0.40056461     1.77288365     0.20000000
     70     0.65897256     0.00572361          4     0.13854045     1.78489375     0.20000000
     71     0.92395854     0.21300718          5     0.00000000     1.70967269     0.20000000
     72     0.95655715     0.89052004          4     0.64946854     2.59394836     0.20000000
     73     0.82315284     0.94940418          6     0.73045319     2.62449574     0.20000000
     74     0.08333603     0.84797919          9     0.32767096     1.23750484     0.20000000
     75     0.78960407     0.22823000          2     0.53097224     1.74820161     0.20000000
     76     0.26064053     0.87031436          6     0.00000000     1.90196109     0.20000000
     77     0.19711037     0.06367597          2     1.44280624     1.90772438     0.20000000
     78     0.21496205     0.58653402          3     0.40150762     1.72633386     0.20000000
     79     0.96437722     0.62614608          6     0.10331157     0.84244382     0.20000000
     80     0.97640228     0.43705744          8     1.72911882     2.35682106     0.20000000
     81     0.91411543     0.26258880          9     0.88127959     1.71418893     0.20000000
     82     0.32478768     0.07930903          6     0.60912448     1.83745623     0.20000000
     83     0.13745174     0.15617673          4     0.44541216     2.27299023     0.20000000
     84     0.98311329     0.73639083          1     2.23392463     2.59116817     0.20000000
     85     0.39373863     0.90593266          4     0.93259454     1.20358467     0.20000000
     86     0.82406396     0.31403297          8     0.98260838     2.31247950     0.20000000
     87     0.58747870     0.99819648          4     2.12439537     2.50180483     0.20000000
     88     0.56877983     0.22624984          4     1.24321818     2.95209146     0.20000000
     89     0.07814427     0.08450596          7     0.52462161     1.51250732     0.20000000
     90     0.07448272     0.99421960          4     0.00000000     1.86446214     0.20000000
     91     0.29409117     0.00579996          9     0.27818090     2.15697217     0.20000000
     92     0.20235665     0.24330691          4     0.33488852     1.12486744     0.20000000
     93     0.20975992     0.55559301          1     0.87500381     2.62794495     0.20000000
     94     0.37362996     0.69163215          8     0.18534398     1.46202743     0.20000000
     95     0.93335950     0.15452091          3     0.28953528     1.75119472     0.20000000
     96     0.67304164     0.51897424          5     0.70272273     2.32729816     0.20000000
     97     0.42273268     0.66640961          6     0.81097525     2.01058054     0.20000000
     98     0.06937145     0.23877890          4     0.74160510     1.45420694     0.20000000
     99     0.47872505     0.88585252          9     1.93022728     3.00000000     0.20000000
    100     0.84664124     0.59291685          5     1.06162870     2.39247704     0.20000000
