instance_112

VEHICLE
NUMBER     CAPACITY
  100              50

CUSTOMER
CUST NO.         XCOORD.         YCOORD.       DEMAND     READY TIME       DUE DATE    SERVICE TIME

      0     0.02479560     0.48841283          0        0.00000        3.00000        0.00000
      1     0.23451070     0.66283989          7     1.45144391     1.71618676     0.20000000
      2     0.61055017     0.52234095          7     0.50710267     1.74090505     0.20000000
      3     0.58840883     0.15889449          7     0.60108602     1.44604790     0.20000000
      4     0.75308168     0.76109785          2     0.32177502     1.83583403     0.20000000
      5     0.45486870     0.78607959          6     0.58177710     1.09906459     0.20000000
      6     0.83026272     0.28045598          2     0.22441822     1.64139652     0.20000000
      7     0.74006289     0.80449826          3     0.36833096     2.16528440     0.20000000
      8     0.17799067     0.51700652          8     1.05918074     2.01163268     0.20000000
      9     0.72873598     0.63621444          8     1.11086082     2.61969852     0.20000000
     10     0.45676285     0.27058378          6     0.01933396     1.47721195     0.20000000
     11     0.95409298     0.24184030          7     0.76856518     1.17046046     0.20000000
     12     0.15360972     0.02637959          3     1.11376143     1.88639998     0.20000000
     13     0.56890827     0.56864983          9     1.74451816     2.38737249     0.20000000
     14     0.74154550     0.17836827          1     0.72740108     1.15862560     0.20000000
     15     0.57022142     0.97098184          9     0.99997324     1.80628324     0.20000000
     16     0.48883194     0.35280871          1     0.00000000     1.31398106     0.20000000
     17     0.10868530     0.92436171          7     1.55390191     2.44613433     0.20000000
     18     0.14909664     0.97010833          8     0.17194253     1.93094325     0.20000000
     19     0.13060686     0.65813798          2     0.06583157     0.71744788     0.20000000
     20     0.43234596     0.96222490          5     1.57030952     1.94218624     0.20000000
     21     0.58861011     0.80747682          3     0.63815874     2.17636847     0.20000000
     22     0.65404296     0.42562228          1     0.96773523     1.60896969     0.20000000
     23     0.25312650     0.70250189          8     1.26055312     1.84618688     0.20000000
     24     0.51912004     0.77150440          2     0.31579995     1.79358864     0.20000000
     25     0.64829147     0.41861048          1     0.75275505     2.26219416     0.20000000
     26     0.85049957     0.63637775          7     1.22338688     1.65137017     0.20000000
     27     0.54344881     0.77404815          7     1.88382411     2.45180440     0.20000000
     28     0.78333580     0.84887177          4     1.72380781     1.93085742     0.20000000
     29     0.37034652     0.57856476          3     0.33191115     1.55124307     0.20000000
     30     0.56148010     0.54955572          4     0.15344962     0.98908973     0.20000000
     31     0.07730456     0.41739619          5     0.58413076     1.56067228     0.20000000
     32     0.23463860     0.12004097          1     0.63770658     2.27425146     0.20000000
     33     0.46128750     0.11423111          4     0.00000000     1.55520129     0.20000000
     34     0.43995771     0.95731050          8     0.82268447     2.71605802     0.20000000
     35     0.13290505     0.81760824          8     1.09806943     1.54446745     0.20000000
     36     0.10227703     0.44154581          3     1.88849735     3.00000000     0.20000000
     37     0.00545350     0.03635310          9     2.00649238     2.37064481     0.20000000
     38     0.57343978     0.02935460          8     1.34184396     1.68870914     0.20000000
     39     0.98738456     0.62050450          7     0.81472999     2.22236729     0.20000000
     40     0.93104559     0.45537603          7     0.63737315     1.96389484     0.20000000
     41     0.43444082     0.10444488          9     1.13886034     1.85075414     0.20000000
     42     0.72876132     0.77819151          6     1.47663283     2.12091470     0.20000000
     43     0.76205879     0.43491340          2     0.09985727     1.86302686     0.20000000
     44     0.52130961     0.20044903          7     1.39587069     2.24596334     0.20000000
     45     0.05778505     0.73183745          4     1.01546884     2.62274337     0.20000000
     46     0.20500320     0.05179065          2     0.50773543     1.91323662     0.20000000
     47     0.29241091     0.85658962          1     0.13708258     1.73166370     0.20000000
     48     0.94166011     0.32914317          5     0.56533211     2.13312507     0.20000000
     49     0.69236737     0.49659941          6     1.01581812     2.95424271     0.20000000
     50     0.95944607     0.33162725          8     1.13923264     1.63151407     0.20000000
     51     0.43935886     0.58926320          6     0.97319579     1.78214073     0.20000000
     52     0.67090201     0.49403083          1     0.33605963     1.00109792     0.20000000
     53     0.97343761     0.18299815          1     0.72862482     2.11303616     0.20000000
     54     0.13154100     0.07040134          5     0.00000000     1.18452168     0.20000000
     55     0.13884203     0.15858494          8     0.00000000     0.97990680     0.20000000
     56     0.75537163     0.18376917          6     0.78678972     1.95535231     0.20000000
     57     0.07719446     0.68711126          4     0.92093647     1.12390578     0.20000000
     58     0.66009384     0.01669682          1     0.34811521     2.01870203     0.20000000
     59     0.43013665     0.04401067          7     1.32239199     2.55430460     0.20000000
     60     0.51532251     0.90872478          3     0.64886326     2.63581300     0.20000000
     61     0.00145046     0.22311893          1     0.00000000     1.32109010     0.20000000
     62     0.44786000     0.54434454          2     1.24140453     2.98388004     0.20000000
     63     0.12547296     0.04909898          5     0.32194138     0.64015782     0.20000000
     64     0.85952270     0.27703574          5     0.52102119     1.23225927     0.20000000
     65     0.49889553     0.27840540          9     0.69997323     1.09692097     0.20000000
     66     0.32725617     0.89463705          9     1.21863151     2.30927634     0.20000000
     67     0.57635850     0.59737068          3     1.06191325     2.56829572     0.20000000
     68     0.66276902     0.94389111          1     0.22959322     1.83398724     0.20000000
     69     0.32398134     0.04180930          1     0.83041579     2.57708979     0.20000000
     70     0.34753284     0.91188717          4     1.51473153     2.62902832     0.20000000
     71     0.41585806     0.18077804          8     0.51006228     2.30944991     0.20000000
     72     0.20999274     0.76272416          9     1.51732183     2.34716320     0.20000000
     73     0.79251087     0.15619841          2     1.00091064     1.32939970     0.20000000
     74     0.40687972     0.74114448          6     0.96198630     2.44227695     0.20000000
     75     0.65674508     0.77298957          7     1.03519535     2.84327435     0.20000000
     76     0.87395334     0.11843881          1     0.59510267     1.68603528     0.20000000
     77     0.32497329     0.15364644          6     0.61225271     2.41948676     0.20000000
     78     0.32588792     0.47816646          4     0.79565716     1.44430232     0.20000000
     79     0.35782751     0.03581837          5     1.66278660     2.23253155     0.20000000
     80     0.37991035     0.22480634          8     1.15032792     2.36659217     0.20000000
     81     0.31687555     0.93992811          2     0.33782297     1.78657413     0.20000000
     82     0.75931114     0.41311103          8     1.05812764     2.19140887     0.20000000
     83     0.74503344     0.33605990          6     1.34655130     2.73552465     0.20000000
     84     0.90100098     0.03500172          4     1.16081095     1.81086326     0.20000000
     85     0.31159455     0.81147093          5     1.53905046     2.05586433     0.20000000
     86     0.57000935     0.59876144          1     0.20395285     1.85891318     0.20000000
     87     0.72320235     0.70680690          6     1.43616128     1.66826701     0.20000000
     88     0.51979220     0.53690726          7     0.90847808     2.78553581     0.20000000
     89     0.91562700     0.48713115          8     0.52391583     2.50410676     0.20000000
     90     0.28013474     0.46173877          7     0.39924735     0.80235249     0.20000000
     91     0.24228653     0.51508474          8     1.39949918     2.53802085     0.20000000
     92     0.81809789     0.08692604          3     0.56225824     2.45809817     0.20000000
     93     0.35002515     0.80579263          8     1.85612845     2.56102586     0.20000000
     94     0.75579762     0.37618455          3     1.06777632     1.88220513     0.20000000
     95     0.21308543     0.66067147          2     0.00000000     1.26054454     0.20000000
     96     0.44334638     0.51556957          1     0.27451092     1.73940992     0.20000000
     97     0.73386937     0.44196984          5     1.59511292     2.48777342     0.20000000
     98     0.61878252     0.16728668          9     0.57090652     0.97854674     0.20000000
     99     0.58051354     0.23254080          3     0.50156224     1.65858805     0.20000000
    100     0.23547578     0.77349627          9     1.19472671     2.27488804     0.20000000
