instance_180

VEHICLE
NUMBER     CAPACITY
  100              50

CUSTOMER
CUST NO.         XCOORD.         YCOORD.       DEMAND     READY TIME       DUE DATE    SERVICE TIME

      0     0.99947709     0.00718350          0        0.00000        3.00000        0.00000
      1     0.69584471     0.55468613          2     0.77930796     1.54008925     0.20000000
      2     0.74190336     0.31238285          2     0.44160622     2.22192335     0.20000000
      3     0.18878698     0.81917691          5     0.75738049     2.13865614     0.20000000
      4     0.79024154     0.06212117          1     0.76422429     2.31888151     0.20000000
      5     0.99137938     0.72382295          1     0.29990864     1.52012193     0.20000000
      6     0.22318478     0.57347280          3     1.20463943     1.55145264     0.20000000
      7     0.78738379     0.46255225          6     1.76340389     2.52989292     0.20000000
      8     0.76010275     0.64215958          7     0.82299966     1.72329712     0.20000000
      9     0.13412993     0.35022563          2     1.18408871     1.94151187     0.20000000
     10     0.02550130     0.58328646          8     0.83530802     1.91598630     0.20000000
     11     0.17401941     0.75089526          2     1.24533343     1.87100554     0.20000000
     12     0.25281012     0.40386802          1     0.99577492     2.08623409     0.20000000
     13     0.01221960     0.50062543          5     0.68897521     1.98152864     0.20000000
     14     0.66151059     0.67261600          4     0.34298199     1.70347142     0.20000000
     15     0.74608070     0.68640858          9     1.35910118     2.13804245     0.20000000
     16     0.22204219     0.82505089          4     0.71568328     1.87405276     0.20000000
     17     0.07231764     0.72753018          8     0.62236273     2.34175682     0.20000000
     18     0.54727077     0.69403970          8     0.69356275     2.33767176     0.20000000
     19     0.46227625     0.81483865          7     0.77763093     2.73823023     0.20000000
     20     0.91091877     0.12406278          7     1.68114889     2.07622719     0.20000000
     21     0.92039430     0.26402915          8     1.58289587     2.28396130     0.20000000
     22     0.68741965     0.32572055          8     0.24116981     2.16625595     0.20000000
     23     0.37949404     0.03651264          1     0.99338669     2.92915606     0.20000000
     24     0.71538550     0.02341948          2     0.49113676     1.44925046     0.20000000
     25     0.10591724     0.90351135          6     0.59767711     2.42303085     0.20000000
     26     0.84160572     0.11034179          5     2.01046705     2.95416737     0.20000000
     27     0.13221368     0.70064658          6     0.50053680     2.23875856     0.20000000
     28     0.53683126     0.30026075          8     1.45832264     1.70879257     0.20000000
     29     0.82611269     0.44531912          6     0.38903683     2.07127237     0.20000000
     30     0.06324274     0.35158914          6     0.37027550     2.25139737     0.20000000
     31     0.40360466     0.36364275          2     0.59568709     2.35647726     0.20000000
     32     0.13135970     0.71612132          6     1.26540947     1.54198337     0.20000000
     33     0.61259413     0.91759765          1     1.04572296     2.04307437     0.20000000
     34     0.48805457     0.97298700          2     0.97437561     1.92325366     0.20000000
     35     0.24120212     0.84906244          7     0.82831627     1.95379019     0.20000000
     36     0.62891048     0.03074710          6     1.30175149     2.64652157     0.20000000
     37     0.85158890     0.24192302          7     0.88616318     2.83468270     0.20000000
     38     0.18475229     0.84043157          9     0.81771618     1.93727899     0.20000000
     39     0.77973694     0.98428249          5     1.18917537     1.61465764     0.20000000
     40     0.23795180     0.55785710          1     0.65301943     1.32656181     0.20000000
     41     0.48115069     0.60887086          7     0.43215412     1.39231396     0.20000000
     42     0.85586840     0.10653502          2     0.31627351     0.80424589     0.20000000
     43     0.73358881     0.42197323          4     1.28248096     2.18429494     0.20000000
     44     0.55803335     0.67930406          8     1.60456097     1.82215703     0.20000000
     45     0.43530068     0.78079545          4     0.73802495     1.49847436     0.20000000
     46     0.71196610     0.09067933          3     1.54640102     2.11873651     0.20000000
     47     0.17103016     0.73898524          4     0.64869982     1.99791431     0.20000000
     48     0.21231720     0.06315550          3     1.58778691     2.23433685     0.20000000
     49     0.90059912     0.51416874          1     0.40735769     1.70224595     0.20000000
     50     0.79961306     0.45589140          3     2.07664037     2.31327558     0.20000000
     51     0.65842843     0.14773297          9     0.32897529     1.03420329     0.20000000
     52     0.71052802     0.72275424          8     0.08778250     1.84178424     0.20000000
     53     0.84479272     0.54872155          5     0.40443945     1.67245388     0.20000000
     54     0.98952979     0.54568261          5     0.49335063     1.51225078     0.20000000
     55     0.94762433     0.83643019          1     0.65191555     2.44154072     0.20000000
     56     0.35168916     0.72931564          7     0.89462382     1.65914369     0.20000000
     57     0.82758921     0.56547821          7     0.62220681     1.68145549     0.20000000
     58     0.29059353     0.02965832          4     0.51587778     1.55945325     0.20000000
     59     0.84167534     0.34783143          7     0.07798028     1.49544823     0.20000000
     60     0.58238798     0.05318325          3     2.08726311     2.55374098     0.20000000
     61     0.07600231     0.89374661          4     1.15478694     1.61590922     0.20000000
     62     0.55554986     0.38841164          8     1.24249768     2.40940237     0.20000000
     63     0.20901173     0.43041834          6     0.95113581     2.70803285     0.20000000
     64     0.47580218     0.74323195          1     1.67394686     2.09591675     0.20000000
     65     0.88728034     0.54188496          1     0.43407220     1.52043295     0.20000000
     66     0.88350785     0.36363471          8     0.00000000     1.05101454     0.20000000
     67     0.34130490     0.88226467          8     1.38560688     2.01341891     0.20000000
     68     0.89384454     0.32513082          7     1.62961841     3.00000000     0.20000000
     69     0.77342713     0.69983900          5     0.67788851     2.34365988     0.20000000
     70     0.75884897     0.92563945          4     1.13696480     2.50005245     0.20000000
     71     0.35538429     0.07995090          3     1.28750253     2.52958941     0.20000000
     72     0.37617171     0.80455029          6     1.09413350     2.01411200     0.20000000
     73     0.45582902     0.43387794          6     0.70871371     1.76969314     0.20000000
     74     0.16058293     0.96877015          3     1.09690201     1.60074461     0.20000000
     75     0.35618845     0.41059646          5     0.65169346     1.17917490     0.20000000
     76     0.48341003     0.69495457          3     0.77429128     2.12879729     0.20000000
     77     0.14736086     0.09640422          2     1.57354808     1.77618408     0.20000000
     78     0.94013178     0.73932010          2     1.58274615     2.19067430     0.20000000
     79     0.39352331     0.09457659          9     1.30865693     2.29866433     0.20000000
     80     0.55072802     0.65091497          2     1.34307909     2.25014043     0.20000000
     81     0.90419155     0.74858683          3     0.50211567     2.24810505     0.20000000
     82     0.48592448     0.13438457          8     0.71173275     1.59646833     0.20000000
     83     0.93392539     0.31373516          5     0.05267885     0.84933567     0.20000000
     84     0.42168945     0.58899128          9     0.98008740     1.53010356     0.20000000
     85     0.90260726     0.83365995          8     1.17741621     2.71105766     0.20000000
     86     0.48526907     0.61564845          1     0.99118012     1.29508352     0.20000000
     87     0.05499443     0.69794112          7     1.14951229     2.08838749     0.20000000
     88     0.87574792     0.21693392          1     1.76273084     3.00000000     0.20000000
     89     0.26047075     0.53470612          7     0.99667788     2.22301602     0.20000000
     90     0.58349437     0.81729597          4     0.34028012     1.82375598     0.20000000
     91     0.58409345     0.34917796          8     0.50022256     2.47658920     0.20000000
     92     0.27475607     0.52029997          2     0.41857606     2.20548534     0.20000000
     93     0.13365108     0.47409728          2     0.48421258     1.88969135     0.20000000
     94     0.32876962     0.65351087          7     0.57517034     2.46819353     0.20000000
     95     0.52688843     0.23941834          2     1.18826926     1.93068135     0.20000000
     96     0.77291965     0.40667340          9     1.53229642     2.17850065     0.20000000
     97     0.57815444     0.61237127          5     1.69442141     2.17539477     0.20000000
     98     0.89197081     0.68160248          6     0.88978934     1.47842717     0.20000000
     99     0.29879728     0.60229659          6     0.80272782     1.75821936     0.20000000
    100     0.68068278     0.35657680          3     0.60650378     1.07772243     0.20000000
