instance_950

VEHICLE
NUMBER     CAPACITY
  100              50

CUSTOMER
CUST NO.         XCOORD.         YCOORD.       DEMAND     READY TIME       DUE DATE    SERVICE TIME

      0     0.13219939     0.93155205          0        0.00000        3.00000        0.00000
      1     0.80682963     0.63202208          4     1.01361227     2.83191085     0.20000000
      2     0.65887475     0.24109423          1     0.91080356     2.46163630     0.20000000
      3     0.66199958     0.32438228          2     1.25171411     2.32962084     0.20000000
      4     0.32085910     0.85887915          3     0.00000000     0.89633787     0.20000000
      5     0.37107670     0.41706109          8     1.20529795     1.84355211     0.20000000
      6     0.32477334     0.42351243          7     0.44428104     1.29804587     0.20000000
      7     0.05356781     0.78434014          2     0.68097514     1.83795452     0.20000000
      8     0.02356371     0.11726239          8     1.10506201     1.74537301     0.20000000
      9     0.84014165     0.63695359          4     1.34606576     2.07354164     0.20000000
     10     0.66230696     0.81197459          3     0.02890605     1.35879326     0.20000000
     11     0.52352989     0.85805994          4     1.59667051     2.06562185     0.20000000
     12     0.13449833     0.74130094          9     1.04737091     2.67499638     0.20000000
     13     0.69900388     0.55147618          9     1.36698794     2.00274372     0.20000000
     14     0.98233527     0.94705015          7     0.79568517     1.45562232     0.20000000
     15     0.08410283     0.60048771          3     0.18714488     1.74433577     0.20000000
     16     0.78521472     0.04714018          4     1.34318972     2.02817702     0.20000000
     17     0.34964865     0.21052878          2     0.31607425     1.84738457     0.20000000
     18     0.66263235     0.53399199          2     0.84554958     1.97482872     0.20000000
     19     0.62726057     0.68406522          7     0.92913091     1.21865690     0.20000000
     20     0.67587382     0.95526135          1     0.48394579     2.22434711     0.20000000
     21     0.46722361     0.39161184          8     0.17830765     1.97283137     0.20000000
     22     0.12015164     0.22671787          1     0.00360489     1.68531358     0.20000000
     23     0.17710504     0.93748838          9     0.05955274     0.33413988     0.20000000
     24     0.19775186     0.95823109          6     0.57466882     1.57860470     0.20000000
     25     0.21859205     0.34664917          7     0.90788490     2.19490695     0.20000000
     26     0.90666139     0.57783145          9     0.56138027     1.40716469     0.20000000
     27     0.55582184     0.49342781          4     1.38645911     2.97315145     0.20000000
     28     0.80240643     0.75653321          6     0.07872891     1.47729957     0.20000000
     29     0.02217895     0.59467691          5     0.53888828     2.26311159     0.20000000
     30     0.46375480     0.57529414          9     0.74787319     1.45796859     0.20000000
     31     0.57846516     0.56845522          3     0.00000000     1.93754995     0.20000000
     32     0.71216804     0.37524894          5     0.60331494     1.85915112     0.20000000
     33     0.44745633     0.95192283          9     1.47627592     2.29227638     0.20000000
     34     0.94857174     0.21006663          1     1.11351657     1.48632431     0.20000000
     35     0.97083324     0.41593465          1     0.57232279     1.99785376     0.20000000
     36     0.81328678     0.92193234          1     1.25408983     2.28592563     0.20000000
     37     0.27963296     0.44605818          4     0.00000000     1.80762291     0.20000000
     38     0.94883990     0.70570606          6     0.66128635     1.13737082     0.20000000
     39     0.39329985     0.34635249          1     1.04277647     2.71488142     0.20000000
     40     0.74548548     0.55459791          8     1.19945598     2.09661174     0.20000000
     41     0.45783696     0.42361918          2     1.23141694     2.88810229     0.20000000
     42     0.51170850     0.63142341          6     0.93210268     2.14358377     0.20000000
     43     0.56059301     0.23986141          3     0.00000000     1.85263062     0.20000000
     44     0.17578763     0.95828611          4     2.49419427     2.96976829     0.20000000
     45     0.16605309     0.39896592          2     0.74203080     2.35111356     0.20000000
     46     0.87930810     0.44294122          2     0.75566757     2.70142889     0.20000000
     47     0.76781219     0.09032538          9     1.39861143     1.67216647     0.20000000
     48     0.72049654     0.00934749          4     1.20274198     1.68796337     0.20000000
     49     0.57756734     0.04212644          7     0.15094000     1.85307670     0.20000000
     50     0.69440395     0.25255328          9     0.71526152     1.08028841     0.20000000
     51     0.31456283     0.88989240          2     0.00000000     1.25650680     0.20000000
     52     0.32363814     0.01832840          7     1.16570020     1.71172428     0.20000000
     53     0.41722250     0.59678787          1     1.06063128     2.94944811     0.20000000
     54     0.94505310     0.67196482          1     0.93657112     2.57272220     0.20000000
     55     0.67149985     0.26007736          7     1.25340462     1.77094865     0.20000000
     56     0.72563630     0.49791756          4     1.60945952     1.99660194     0.20000000
     57     0.82126850     0.29604295          3     0.74619848     1.71961379     0.20000000
     58     0.00849421     0.08890182          8     0.52101815     2.31173325     0.20000000
     59     0.94798023     0.11158969          1     1.01940989     1.79340816     0.20000000
     60     0.68659848     0.51061887          5     1.33902383     2.56604171     0.20000000
     61     0.19680642     0.32658055          2     1.57784474     1.94434106     0.20000000
     62     0.16781475     0.22767134          5     0.49838978     2.27744603     0.20000000
     63     0.67560387     0.03470283          1     0.46860772     2.00764227     0.20000000
     64     0.45394611     0.59183019          1     0.56150293     1.44811201     0.20000000
     65     0.75003618     0.53580892          6     0.98127627     1.84933424     0.20000000
     66     0.82163781     0.99253315          3     0.33061588     1.78045690     0.20000000
     67     0.03969065     0.60469508          7     0.68437725     2.11901379     0.20000000
     68     0.67285335     0.65043819          4     0.00000000     1.34600770     0.20000000
     69     0.18666773     0.05796257          1     0.44233727     2.13906193     0.20000000
     70     0.23133442     0.08592852          7     1.06650698     1.36033952     0.20000000
     71     0.52037477     0.44949412          8     1.92287898     2.39841533     0.20000000
     72     0.18510394     0.03221078          4     1.45296741     2.26748824     0.20000000
     73     0.22781844     0.28128627          9     0.92879266     2.76193309     0.20000000
     74     0.97666353     0.59475851          9     0.73788440     2.06387472     0.20000000
     75     0.95849061     0.11904392          5     1.05251622     2.07174325     0.20000000
     76     0.90346193     0.26597801          1     1.37218153     1.63543355     0.20000000
     77     0.99792963     0.47779691          8     0.98102260     2.19009089     0.20000000
     78     0.05192614     0.75970829          3     0.95493627     1.64486909     0.20000000
     79     0.63544518     0.07041007          5     0.17422360     2.10761094     0.20000000
     80     0.67240638     0.79459703          9     0.98885334     2.29265499     0.20000000
     81     0.42512846     0.99390072          6     1.97223353     2.44784904     0.20000000
     82     0.83164406     0.63820028          4     1.47464943     2.07227969     0.20000000
     83     0.76753819     0.79735303          4     1.04621279     1.29622972     0.20000000
     84     0.02533828     0.47220621          6     0.21030417     1.06597269     0.20000000
     85     0.23183869     0.48542851          7     1.41236126     2.37248039     0.20000000
     86     0.41123879     0.77474326          3     1.12798250     2.17448711     0.20000000
     87     0.06445187     0.58733529          3     1.30318677     1.75083983     0.20000000
     88     0.51930380     0.89617288          1     1.62718868     2.90168810     0.20000000
     89     0.25158620     0.56353462          8     1.42017925     2.30880094     0.20000000
     90     0.14986150     0.80239594          2     0.00000000     0.62909174     0.20000000
     91     0.87470365     0.94166136          8     1.08957171     1.93371987     0.20000000
     92     0.61845094     0.15909970          9     0.65563601     2.53165889     0.20000000
     93     0.79719716     0.89227724          4     0.38590038     2.19383955     0.20000000
     94     0.15563607     0.65922225          8     1.84908676     2.21760893     0.20000000
     95     0.20443341     0.16135405          4     1.26629615     1.75978518     0.20000000
     96     0.72654498     0.64992362          6     0.07843405     1.49991465     0.20000000
     97     0.40940246     0.39664054          2     0.53911108     2.53035307     0.20000000
     98     0.42940146     0.12902643          2     1.50479090     2.04735088     0.20000000
     99     0.10260296     0.76838839          3     0.32458934     1.20324540     0.20000000
    100     0.15154505     0.17105144          7     0.81127989     1.32231438     0.20000000
