instance_398

VEHICLE
NUMBER     CAPACITY
  100              50

CUSTOMER
CUST NO.         XCOORD.         YCOORD.       DEMAND     READY TIME       DUE DATE    SERVICE TIME

      0     0.69490784     0.10417479          0        0.00000        3.00000        0.00000
      1     0.42913866     0.10041718          1     0.45403469     1.72095144     0.20000000
      2     0.43216366     0.68178952          1     1.92614675     2.31705737     0.20000000
      3     0.00546602     0.81921285          4     0.70754844     1.52431154     0.20000000
      4     0.97422254     0.49906775          2     1.29443979     2.05551195     0.20000000
      5     0.96154553     0.77122998          4     0.57671034     1.29573572     0.20000000
      6     0.92072225     0.93912125          9     0.74346673     1.19681013     0.20000000
      7     0.44921532     0.80572724          8     1.02030897     1.75048280     0.20000000
      8     0.99131501     0.35784745          3     2.24316502     2.53231859     0.20000000
      9     0.67425674     0.18182881          4     1.63272548     3.00000000     0.20000000
     10     0.80496103     0.48735112          7     0.20059931     1.42855072     0.20000000
     11     0.22310369     0.26489016          2     0.00000000     1.49192619     0.20000000
     12     0.18492661     0.53252584          3     0.76691204     2.00568438     0.20000000
     13     0.19918433     0.09739860          4     0.84912848     2.10680985     0.20000000
     14     0.46452856     0.91844499          5     0.65200686     1.27732015     0.20000000
     15     0.42722130     0.80356562          5     1.10468400     2.42520189     0.20000000
     16     0.43061712     0.38382849          4     1.26458764     1.95341110     0.20000000
     17     0.26279363     0.25952789          4     1.11414623     2.36936808     0.20000000
     18     0.49237907     0.45139840          8     0.43569642     1.52498960     0.20000000
     19     0.66029161     0.26373008          3     1.09058762     2.65938067     0.20000000
     20     0.63244236     0.52871960          3     1.18941748     2.25497293     0.20000000
     21     0.14401715     0.94558960          8     1.04391444     1.60412395     0.20000000
     22     0.28737414     0.23384815          8     2.02593374     2.56690073     0.20000000
     23     0.23064369     0.45394534          4     1.47561955     2.01289058     0.20000000
     24     0.36700222     0.91997355          9     0.58860356     1.77004051     0.20000000
     25     0.53397715     0.01377147          8     1.04535508     1.66061091     0.20000000
     26     0.26811510     0.45538086          3     0.00000000     1.59721923     0.20000000
     27     0.79151142     0.90632588          1     1.30860138     1.83259630     0.20000000
     28     0.33877584     0.53385687          1     1.17945170     3.00000000     0.20000000
     29     0.46707526     0.78341049          4     0.69100136     1.91165447     0.20000000
     30     0.99808520     0.86515009          2     0.82100314     2.04992032     0.20000000
     31     0.09745410     0.32783416          2     0.29472661     2.19464397     0.20000000
     32     0.28511092     0.12654555          9     0.52284861     1.78570199     0.20000000
     33     0.97158492     0.10005786          2     0.89436966     1.68532348     0.20000000
     34     0.91269672     0.73264503          4     0.29518259     1.92576444     0.20000000
     35     0.81773633     0.07610126          3     0.80572045     2.44591284     0.20000000
     36     0.55476475     0.87665290          3     0.37897545     1.60674953     0.20000000
     37     0.29529762     0.72955012          9     0.89078087     1.74654460     0.20000000
     38     0.66387117     0.31610668          6     0.41609794     1.41151333     0.20000000
     39     0.28257620     0.01933855          7     0.74028164     1.63204551     0.20000000
     40     0.36639664     0.86328316          4     1.50484228     2.07666373     0.20000000
     41     0.98834991     0.17391309          7     0.00000000     1.42062712     0.20000000
     42     0.64215428     0.91573048          4     0.76470876     1.64073730     0.20000000
     43     0.37047067     0.21786596          6     1.22337282     2.12295771     0.20000000
     44     0.91396588     0.40429243          6     0.30008894     0.66408801     0.20000000
     45     0.70642048     0.30949917          1     1.70694637     3.00000000     0.20000000
     46     0.15490383     0.46078050          3     0.40038902     1.47907472     0.20000000
     47     0.83384371     0.88774276          4     0.69707835     0.98082864     0.20000000
     48     0.42442581     0.44426078          8     0.77927649     2.34299803     0.20000000
     49     0.91477883     0.82460439          1     1.48439717     2.37669396     0.20000000
     50     0.80859357     0.61747277          4     1.51797080     2.40280128     0.20000000
     51     0.06404307     0.77446830          7     1.40054488     1.75374484     0.20000000
     52     0.86038977     0.88598830          6     0.72138780     1.16240382     0.20000000
     53     0.73143476     0.11445254          3     1.20839703     2.61673641     0.20000000
     54     0.44126669     0.61346322          4     1.24366522     3.00000000     0.20000000
     55     0.69373286     0.68395287          8     0.58690566     2.09974051     0.20000000
     56     0.86858201     0.11612637          7     0.00000000     1.44228005     0.20000000
     57     0.80579060     0.55976903          4     0.56149983     1.23718572     0.20000000
     58     0.05198926     0.11199770          9     0.33161891     1.76671588     0.20000000
     59     0.30404356     0.80618554          9     1.20323586     2.22341108     0.20000000
     60     0.16900393     0.58527106          3     0.99370366     2.45675159     0.20000000
     61     0.72092772     0.40300879          2     1.80838978     2.35165787     0.20000000
     62     0.49068847     0.46110424          4     1.81253719     2.11618519     0.20000000
     63     0.75549316     0.13393097          5     1.25243366     2.70843458     0.20000000
     64     0.39429653     0.21912117          3     0.57414889     2.11216640     0.20000000
     65     0.60295731     0.79399425          7     1.09137702     2.03090620     0.20000000
     66     0.16802646     0.97717679          5     1.08251178     1.70623577     0.20000000
     67     0.41581550     0.78624070          6     0.71105969     0.94397295     0.20000000
     68     0.53877789     0.54993778          5     0.44452748     1.41399777     0.20000000
     69     0.54234916     0.08341799          9     1.62580800     3.00000000     0.20000000
     70     0.71580547     0.34637976          6     2.39907932     2.69111729     0.20000000
     71     0.02019540     0.02872645          9     1.53850138     2.20045900     0.20000000
     72     0.86338621     0.74067974          5     0.83266073     2.37077737     0.20000000
     73     0.81473476     0.52156985          2     0.49502051     1.50307643     0.20000000
     74     0.74176085     0.10662201          6     1.44830739     3.00000000     0.20000000
     75     0.18105936     0.87862664          6     1.57061148     1.98661327     0.20000000
     76     0.73410344     0.84933412          1     1.84935045     2.06444001     0.20000000
     77     0.77040845     0.17764550          7     0.85777217     2.33280635     0.20000000
     78     0.80755144     0.00271381          2     0.00000000     1.71348786     0.20000000
     79     0.58088040     0.77184260          8     1.31902933     1.90873718     0.20000000
     80     0.76582545     0.50708038          4     1.22289276     1.91623187     0.20000000
     81     0.52933204     0.38875300          5     0.00000000     1.45249009     0.20000000
     82     0.72773433     0.60206133          2     1.53626585     2.58476353     0.20000000
     83     0.12042420     0.63922977          3     0.71293128     2.39649868     0.20000000
     84     0.80046105     0.47721937          6     0.00000000     1.31433547     0.20000000
     85     0.52859098     0.06853171          2     1.40816784     2.00565672     0.20000000
     86     0.68408221     0.75729698          9     0.17568529     1.56063783     0.20000000
     87     0.67479432     0.97074383          4     0.53480321     1.54186225     0.20000000
     88     0.63812768     0.25028211          3     0.14447272     1.85774529     0.20000000
     89     0.37162817     0.43667004          7     0.58605641     2.29632258     0.20000000
     90     0.16716810     0.20666385          5     1.10159814     1.30382788     0.20000000
     91     0.60175699     0.47251207          6     0.52483058     1.58497214     0.20000000
     92     0.37502211     0.35846251          5     0.33027694     1.20899630     0.20000000
     93     0.59411186     0.29387173          9     1.15510726     2.68925881     0.20000000
     94     0.59645265     0.56560951          5     0.89680076     1.81676078     0.20000000
     95     0.13676526     0.11692945          7     0.88536018     1.58915544     0.20000000
     96     0.92281830     0.06307156          6     0.32503724     2.22782421     0.20000000
     97     0.99688250     0.98728383          2     0.81850296     1.40009570     0.20000000
     98     0.49820468     0.69079375          4     0.37927788     0.87118775     0.20000000
     99     0.04668878     0.85462302          1     0.26573712     1.74657679     0.20000000
    100     0.73708665     0.64833200          4     0.01784754     1.45190096     0.20000000
